# R script for Peak Model
#  -- generated by MACS
p <- c(0.0169212611416,0.0198824818414,0.0224206710126,0.0249588601838,0.0279200808836,0.0270740178265,0.0253818917124,0.0291891754692,0.0274970493551,0.0291891754692,0.0291891754692,0.0287661439407,0.0287661439407,0.032150396169,0.0342655538117,0.0338425222832,0.0355346483973,0.0334194907546,0.0342655538117,0.0334194907546,0.0351116168688,0.0372267745115,0.0384958690971,0.0380728375686,0.036803742983,0.0355346483973,0.0346885853403,0.0329964592261,0.0346885853403,0.0342655538117,0.0317273646405,0.0296122069978,0.0287661439407,0.0270740178265,0.0258049232409,0.0283431124122,0.0304582700549,0.0338425222832,0.032150396169,0.032150396169,0.0346885853403,0.0351116168688,0.0346885853403,0.0325734276976,0.0308813015834,0.0308813015834,0.0287661439407,0.0283431124122,0.0317273646405,0.0338425222832,0.0317273646405,0.0308813015834,0.0325734276976,0.0342655538117,0.0372267745115,0.0363807114544,0.036803742983,0.0355346483973,0.0317273646405,0.0291891754692,0.0313043331119,0.032150396169,0.0334194907546,0.032150396169,0.032150396169,0.0325734276976,0.0338425222832,0.0334194907546,0.0351116168688,0.0372267745115,0.0351116168688,0.0359576799259,0.0342655538117,0.0351116168688,0.0351116168688,0.0338425222832,0.0334194907546,0.0355346483973,0.0346885853403,0.0338425222832,0.0342655538117,0.0325734276976,0.0325734276976,0.0317273646405,0.0304582700549,0.0300352385263,0.0283431124122,0.0270740178265,0.0283431124122,0.0274970493551,0.026650986298,0.0279200808836,0.0279200808836,0.0300352385263,0.0308813015834,0.032150396169,0.0338425222832,0.0313043331119,0.0279200808836,0.0279200808836,0.0296122069978,0.0296122069978,0.0291891754692,0.0279200808836,0.0287661439407,0.0283431124122,0.0287661439407,0.0308813015834,0.0338425222832,0.0346885853403,0.0363807114544,0.0363807114544,0.0351116168688,0.0346885853403,0.0338425222832,0.0334194907546,0.0308813015834,0.0313043331119,0.0325734276976,0.0317273646405,0.0287661439407,0.0279200808836,0.0274970493551,0.0262279547695,0.0270740178265,0.0274970493551,0.0291891754692,0.0291891754692,0.026650986298,0.0279200808836,0.026650986298,0.0283431124122,0.0304582700549,0.0317273646405,0.0304582700549,0.0317273646405,0.0325734276976,0.0308813015834,0.0317273646405,0.0300352385263,0.0338425222832,0.032150396169,0.0308813015834,0.0313043331119,0.0329964592261,0.0300352385263,0.0274970493551,0.0308813015834,0.0300352385263,0.0308813015834,0.0283431124122,0.0274970493551,0.0274970493551,0.0291891754692,0.0279200808836,0.0317273646405,0.0359576799259,0.0346885853403,0.0363807114544,0.0363807114544,0.0384958690971,0.0393419321542,0.0418801213254,0.0389189006257,0.0389189006257,0.036803742983,0.0342655538117,0.0351116168688,0.0338425222832,0.0325734276976,0.0291891754692,0.0300352385263,0.0296122069978,0.0300352385263,0.0291891754692,0.032150396169,0.0308813015834,0.0296122069978,0.0296122069978,0.0317273646405,0.0342655538117,0.0346885853403,0.0334194907546,0.03764980604,0.03764980604,0.0359576799259,0.0359576799259,0.03764980604,0.0363807114544,0.0351116168688,0.0355346483973,0.0372267745115,0.03764980604,0.0338425222832,0.03764980604,0.0359576799259,0.0389189006257,0.03764980604,0.0397649636827,0.0393419321542,0.0397649636827,0.0384958690971,0.0380728375686,0.0384958690971,0.0363807114544,0.03764980604,0.0372267745115,0.0380728375686,0.0380728375686,0.0384958690971,0.0359576799259,0.0359576799259,0.0359576799259,0.0363807114544,0.0338425222832,0.0334194907546,0.0329964592261,0.0334194907546,0.0359576799259,0.0363807114544,0.0389189006257,0.0418801213254,0.0435722474396,0.0427261843825,0.0448413420252,0.0482255942535,0.0503407518962,0.0490716573106,0.0482255942535,0.0494946888392,0.0516098464819,0.0490716573106,0.0469564996679,0.0494946888392,0.0503407518962,0.0499177203677,0.047802562725,0.0499177203677,0.0494946888392,0.0499177203677,0.0465334681394,0.0465334681394,0.0486486257821,0.0482255942535,0.0486486257821,0.0486486257821,0.0490716573106,0.0490716573106,0.0494946888392,0.0511868149533,0.0549940987102,0.0571092563529,0.0558401617673,0.0554171302387,0.053301972596,0.0524559095389,0.053301972596,0.0537250041246,0.0541480356531,0.0507637834248,0.0482255942535,0.0465334681394,0.0469564996679,0.0473795311965,0.0490716573106,0.0486486257821,0.0503407518962,0.0486486257821,0.0469564996679,0.0482255942535,0.047802562725,0.047802562725,0.0482255942535,0.0490716573106,0.047802562725,0.0499177203677,0.0473795311965,0.0482255942535,0.0461104366108,0.0452643735538,0.0452643735538,0.0431492159111,0.0431492159111,0.042303152854,0.0431492159111,0.0401879952113,0.0418801213254,0.0406110267398,0.0435722474396,0.0461104366108,0.047802562725,0.0503407518962,0.0486486257821,0.0494946888392,0.0507637834248,0.0524559095389,0.0524559095389,0.0549940987102,0.0554171302387,0.0558401617673,0.0558401617673,0.0558401617673,0.0562631932958,0.05795531941,0.0592244139956,0.0596474455241,0.0600704770527,0.0600704770527,0.0600704770527,0.0617626031668,0.0604935085812,0.0609165401097,0.063454729281,0.0630316977524,0.0638777608095,0.0659929184522,0.0659929184522,0.0647238238666,0.0643007923381,0.0609165401097,0.0643007923381,0.0630316977524,0.0617626031668,0.0626086662239,0.0638777608095,0.0643007923381,0.0638777608095,0.063454729281,0.0647238238666,0.0659929184522,0.0647238238666,0.0630316977524,0.0647238238666,0.0609165401097,0.058801382467,0.0562631932958,0.0562631932958,0.0554171302387,0.053301972596,0.0516098464819,0.0524559095389,0.0566862248243,0.05795531941,0.0613395716383,0.0626086662239,0.0643007923381,0.0630316977524,0.0647238238666,0.0706462652662,0.0727614229088,0.0736074859659,0.0714923283232,0.0685311076235,0.0706462652662,0.0719153598518,0.0723383913803,0.074453549023,0.0761456751372,0.0731844544374,0.0719153598518,0.0710692967947,0.0752996120801,0.0829141795938,0.0824911480653,0.0812220534796,0.0837602426509,0.0850293372365,0.0841832741794,0.0867214633507,0.0913748101646,0.0943360308644,0.0917978416931,0.0875675264077,0.0888366209934,0.0905287471075,0.0909517786361,0.0879905579363,0.0913748101646,0.0892596525219,0.0884135894648,0.0871444948792,0.0896826840504,0.0913748101646,0.0888366209934,0.0909517786361,0.090105715579,0.0930669362788,0.09560512545,0.0968742200356,0.0981433146212,0.100681503792,0.0985663461498,0.0977202830927,0.104065756021,0.105757882135,0.109142134363,0.114641544234,0.111257292006,0.110411228949,0.115064575763,0.117179733406,0.121833080219,0.127755521619,0.128601584676,0.127755521619,0.127755521619,0.124794300919,0.128178553148,0.131139773847,0.129024616205,0.133677963019,0.134947057604,0.132831899962,0.128601584676,0.125217332448,0.126909458562,0.13029371079,0.132408868433,0.137062215247,0.137062215247,0.13621615219,0.138754341361,0.142138593589,0.149753161103,0.156098634031,0.156944697088,0.15652166556,0.156944697088,0.159905917788,0.165405327659,0.166251390716,0.170481706002,0.17386595823,0.17386595823,0.173442926701,0.178096273515,0.187402967143,0.184018714915,0.186556904086,0.186133872558,0.188672061729,0.189095093257,0.192479345486,0.192479345486,0.199247849942,0.199247849942,0.196286629242,0.202632102171,0.200093912999,0.195863597714,0.1971326923,0.201786039113,0.199247849942,0.200516944528,0.195863597714,0.196709660771,0.200939976056,0.20855454357,0.210246669684,0.215746079555,0.213630921913,0.211938795798,0.219130331784,0.224629741655,0.228013993883,0.22886005694,0.230129151526,0.231398246111,0.234359466811,0.239012813625,0.244512223496,0.238589782096,0.240281908211,0.240704939739,0.244089191967,0.24916557031,0.250434664896,0.248319507253,0.248742538781,0.249588601838,0.252549822538,0.258895295466,0.258895295466,0.259741358523,0.267355926037,0.269048052151,0.268625020623,0.271586241323,0.281315966479,0.292314786221,0.296122069978,0.302890574435,0.306697858191,0.313466362648,0.316004551819,0.317696677933,0.318119709462,0.316427583348,0.312620299591,0.31008211042,0.312197268062,0.308813015834,0.307543921248,0.309659078891,0.302890574435,0.306274826663,0.310928173477,